# wl (nm) 5 mu angles 
# mu= 0.0 0.5 0.7071067811865476 0.8660254037844386 1.0 
5.88900024e+02 0.00000000e+00 2.68972239e+07 3.07756727e+07 3.32715663e+07 3.51187704e+07
5.88902405e+02 0.00000000e+00 2.68967999e+07 3.07751774e+07 3.32710316e+07 3.51182092e+07
5.88904785e+02 0.00000000e+00 2.68963748e+07 3.07746809e+07 3.32704957e+07 3.51176469e+07
5.88907227e+02 0.00000000e+00 2.68959411e+07 3.07741742e+07 3.32699489e+07 3.51170730e+07
5.88909607e+02 0.00000000e+00 2.68955160e+07 3.07736777e+07 3.32694130e+07 3.51165107e+07
5.88912048e+02 0.00000000e+00 2.68950822e+07 3.07731710e+07 3.32688661e+07 3.51159369e+07
5.88914429e+02 0.00000000e+00 2.68946571e+07 3.07726745e+07 3.32683302e+07 3.51153745e+07
5.88916809e+02 0.00000000e+00 2.68942407e+07 3.07721881e+07 3.32678052e+07 3.51148237e+07
5.88919250e+02 0.00000000e+00 2.68938069e+07 3.07716815e+07 3.32672584e+07 3.51142498e+07
5.88921631e+02 0.00000000e+00 2.68933818e+07 3.07711849e+07 3.32667225e+07 3.51136875e+07
5.88924072e+02 0.00000000e+00 2.68929481e+07 3.07706783e+07 3.32661756e+07 3.51131137e+07
5.88926453e+02 0.00000000e+00 2.68925230e+07 3.07701817e+07 3.32656397e+07 3.51125513e+07
5.88928833e+02 0.00000000e+00 2.68921066e+07 3.07696954e+07 3.32651147e+07 3.51120005e+07
5.88931274e+02 0.00000000e+00 2.68916728e+07 3.07691887e+07 3.32645679e+07 3.51114266e+07
5.88933655e+02 0.00000000e+00 2.68912477e+07 3.07686922e+07 3.32640320e+07 3.51108643e+07
5.88936096e+02 0.00000000e+00 2.68908140e+07 3.07681855e+07 3.32634851e+07 3.51102905e+07
5.88938477e+02 0.00000000e+00 2.68903889e+07 3.07676890e+07 3.32629492e+07 3.51097281e+07
5.88940857e+02 0.00000000e+00 2.68899638e+07 3.07671925e+07 3.32624133e+07 3.51091658e+07
5.88943298e+02 0.00000000e+00 2.68895300e+07 3.07666858e+07 3.32618665e+07 3.51085920e+07
5.88945679e+02 0.00000000e+00 2.68891049e+07 3.07661893e+07 3.32613306e+07 3.51080296e+07
5.88948120e+02 0.00000000e+00 2.68886712e+07 3.07656826e+07 3.32607837e+07 3.51074558e+07
5.88950500e+02 0.00000000e+00 2.68882547e+07 3.07651962e+07 3.32602587e+07 3.51069049e+07
5.88952881e+02 0.00000000e+00 2.68878296e+07 3.07646997e+07 3.32597228e+07 3.51063426e+07
5.88955322e+02 0.00000000e+00 2.68873959e+07 3.07641931e+07 3.32591760e+07 3.51057688e+07
5.88957703e+02 0.00000000e+00 2.68869708e+07 3.07636965e+07 3.32586401e+07 3.51052064e+07
5.88960144e+02 0.00000000e+00 2.68865370e+07 3.07631899e+07 3.32580932e+07 3.51046326e+07
5.88962524e+02 0.00000000e+00 2.68861206e+07 3.07627035e+07 3.32575683e+07 3.51040817e+07
5.88964905e+02 0.00000000e+00 2.68856277e+07 3.07621331e+07 3.32569569e+07 3.51034437e+07
5.88967346e+02 0.00000000e+00 2.68848846e+07 3.07612898e+07 3.32560661e+07 3.51025247e+07
5.88969727e+02 0.00000000e+00 2.68841564e+07 3.07604633e+07 3.32551931e+07 3.51016241e+07
5.88972168e+02 0.00000000e+00 2.68834133e+07 3.07596200e+07 3.32543023e+07 3.51007051e+07
5.88974548e+02 0.00000000e+00 2.68826851e+07 3.07587935e+07 3.32534292e+07 3.50998044e+07
5.88976929e+02 0.00000000e+00 2.68819569e+07 3.07579670e+07 3.32525562e+07 3.50989038e+07
5.88979370e+02 0.00000000e+00 2.68812138e+07 3.07571236e+07 3.32516654e+07 3.50979848e+07
5.88981750e+02 0.00000000e+00 2.68805005e+07 3.07563140e+07 3.32508102e+07 3.50971026e+07
5.88984192e+02 0.00000000e+00 2.68797574e+07 3.07554707e+07 3.32499194e+07 3.50961836e+07
5.88986572e+02 0.00000000e+00 2.68790292e+07 3.07546442e+07 3.32490464e+07 3.50952830e+07
5.88988953e+02 0.00000000e+00 2.68783009e+07 3.07538177e+07 3.32481734e+07 3.50943823e+07
5.88991394e+02 0.00000000e+00 2.68775579e+07 3.07529743e+07 3.32472826e+07 3.50934633e+07
5.88993774e+02 0.00000000e+00 2.68768445e+07 3.07521647e+07 3.32464274e+07 3.50925811e+07
5.88996216e+02 0.00000000e+00 2.68761014e+07 3.07513214e+07 3.32455365e+07 3.50916621e+07
5.88998596e+02 0.00000000e+00 2.68753732e+07 3.07504949e+07 3.32446635e+07 3.50907615e+07
5.89000977e+02 0.00000000e+00 2.68746450e+07 3.07496684e+07 3.32437905e+07 3.50898609e+07
5.89003418e+02 0.00000000e+00 2.68739019e+07 3.07488250e+07 3.32428997e+07 3.50889419e+07
5.89005798e+02 0.00000000e+00 2.68731737e+07 3.07479986e+07 3.32420267e+07 3.50880412e+07
5.89008240e+02 0.00000000e+00 2.68724306e+07 3.07471552e+07 3.32411359e+07 3.50871222e+07
5.89010620e+02 0.00000000e+00 2.68717024e+07 3.07463287e+07 3.32402628e+07 3.50862216e+07
5.89013000e+02 0.00000000e+00 2.68709890e+07 3.07455191e+07 3.32394077e+07 3.50853394e+07
5.89015442e+02 0.00000000e+00 2.68702460e+07 3.07446757e+07 3.32385168e+07 3.50844204e+07
5.89017822e+02 0.00000000e+00 2.68695178e+07 3.07438493e+07 3.32376438e+07 3.50835198e+07
5.89020264e+02 0.00000000e+00 2.68687747e+07 3.07430059e+07 3.32367530e+07 3.50826008e+07
5.89022644e+02 0.00000000e+00 2.68680465e+07 3.07421794e+07 3.32358800e+07 3.50817001e+07
5.89025024e+02 0.00000000e+00 2.68673331e+07 3.07413698e+07 3.32350248e+07 3.50808179e+07
5.89027466e+02 0.00000000e+00 2.68665901e+07 3.07405265e+07 3.32341340e+07 3.50798990e+07
5.89029846e+02 0.00000000e+00 2.68655741e+07 3.07393866e+07 3.32329407e+07 3.50786768e+07
5.89032288e+02 0.00000000e+00 2.68639737e+07 3.07376095e+07 3.32310957e+07 3.50768001e+07
5.89034668e+02 0.00000000e+00 2.68624052e+07 3.07358679e+07 3.32292875e+07 3.50749609e+07
5.89037048e+02 0.00000000e+00 2.68608367e+07 3.07341263e+07 3.32274793e+07 3.50731217e+07
5.89039490e+02 0.00000000e+00 2.68592363e+07 3.07323492e+07 3.32256343e+07 3.50712449e+07
5.89041870e+02 0.00000000e+00 2.68576678e+07 3.07306076e+07 3.32238261e+07 3.50694057e+07
5.89044312e+02 0.00000000e+00 2.68560674e+07 3.07288305e+07 3.32219810e+07 3.50675289e+07
5.89046692e+02 0.00000000e+00 2.68545309e+07 3.07271245e+07 3.32202097e+07 3.50657272e+07
5.89049072e+02 0.00000000e+00 2.68529625e+07 3.07253829e+07 3.32184016e+07 3.50638880e+07
5.89051514e+02 0.00000000e+00 2.68513620e+07 3.07236057e+07 3.32165565e+07 3.50620113e+07
5.89053894e+02 0.00000000e+00 2.68497935e+07 3.07218642e+07 3.32147483e+07 3.50601720e+07
5.89056335e+02 0.00000000e+00 2.68481931e+07 3.07200870e+07 3.32129032e+07 3.50582953e+07
5.89058716e+02 0.00000000e+00 2.68466567e+07 3.07183810e+07 3.32111320e+07 3.50564936e+07
5.89061096e+02 0.00000000e+00 2.68450767e+07 3.07166269e+07 3.32093110e+07 3.50546415e+07
5.89063538e+02 0.00000000e+00 2.68412694e+07 3.07124435e+07 3.32050055e+07 3.50502942e+07
5.89065918e+02 0.00000000e+00 2.68372683e+07 3.07080496e+07 3.32004851e+07 3.50457317e+07
5.89068359e+02 0.00000000e+00 2.68331856e+07 3.07035659e+07 3.31958724e+07 3.50410761e+07
5.89070740e+02 0.00000000e+00 2.68291845e+07 3.06991719e+07 3.31913520e+07 3.50365136e+07
5.89073120e+02 0.00000000e+00 2.68251835e+07 3.06947779e+07 3.31868317e+07 3.50319511e+07
5.89075562e+02 0.00000000e+00 2.68211007e+07 3.06902942e+07 3.31822190e+07 3.50272954e+07
5.89077942e+02 0.00000000e+00 2.68171813e+07 3.06859899e+07 3.31777909e+07 3.50228260e+07
5.89080383e+02 0.00000000e+00 2.68130986e+07 3.06815063e+07 3.31731782e+07 3.50181704e+07
5.89082764e+02 0.00000000e+00 2.68090975e+07 3.06771123e+07 3.31686578e+07 3.50136079e+07
5.89085144e+02 0.00000000e+00 2.68050964e+07 3.06727183e+07 3.31641375e+07 3.50090454e+07
5.89087585e+02 0.00000000e+00 2.68010137e+07 3.06682346e+07 3.31595248e+07 3.50043898e+07
5.89089966e+02 0.00000000e+00 2.67970943e+07 3.06639303e+07 3.31550967e+07 3.49999204e+07
5.89092407e+02 0.00000000e+00 2.67930099e+07 3.06594448e+07 3.31504822e+07 3.49952628e+07
5.89094788e+02 0.00000000e+00 2.67858928e+07 3.06516465e+07 3.31424771e+07 3.49871991e+07
5.89097168e+02 0.00000000e+00 2.67751304e+07 3.06398659e+07 3.31303956e+07 3.49750393e+07
5.89099609e+02 0.00000000e+00 2.67641478e+07 3.06278442e+07 3.31180669e+07 3.49626309e+07
5.89101990e+02 0.00000000e+00 2.67533849e+07 3.06160630e+07 3.31059848e+07 3.49504706e+07
5.89104431e+02 0.00000000e+00 2.67424024e+07 3.06040413e+07 3.30936561e+07 3.49380622e+07
5.89106812e+02 0.00000000e+00 2.67316395e+07 3.05922601e+07 3.30815740e+07 3.49259019e+07
5.89109192e+02 0.00000000e+00 2.67211259e+07 3.05807519e+07 3.30697719e+07 3.49140234e+07
5.89111633e+02 0.00000000e+00 2.66954084e+07 3.05525575e+07 3.30408475e+07 3.48849130e+07
5.89114014e+02 0.00000000e+00 2.66649268e+07 3.05191335e+07 3.30065565e+07 3.48504018e+07
5.89116455e+02 0.00000000e+00 2.66338233e+07 3.04850275e+07 3.29715658e+07 3.48151863e+07
5.89118835e+02 0.00000000e+00 2.66033418e+07 3.04516036e+07 3.29372749e+07 3.47806752e+07
5.89121216e+02 0.00000000e+00 2.65734824e+07 3.04188618e+07 3.29036838e+07 3.47468684e+07
5.89123657e+02 0.00000000e+00 2.65423784e+07 3.03847553e+07 3.28686926e+07 3.47116525e+07
5.89126038e+02 0.00000000e+00 2.65103319e+07 3.03496037e+07 3.28326234e+07 3.46753480e+07
5.89128479e+02 0.00000000e+00 2.64426867e+07 3.02751596e+07 3.27561121e+07 3.45982623e+07
5.89130859e+02 0.00000000e+00 2.63624883e+07 3.01867460e+07 3.26651601e+07 3.45065732e+07
5.89133240e+02 0.00000000e+00 2.62577866e+07 3.00710772e+07 3.25460395e+07 3.43864023e+07
5.89135681e+02 0.00000000e+00 2.61193332e+07 2.99176518e+07 3.23877765e+07 3.42265730e+07
5.89138062e+02 0.00000000e+00 2.59250938e+07 2.97013450e+07 3.21640558e+07 3.40002426e+07
5.89140503e+02 0.00000000e+00 2.56239283e+07 2.93630023e+07 3.18124277e+07 3.36433694e+07
5.89142883e+02 0.00000000e+00 2.51678864e+07 2.88440812e+07 3.12693746e+07 3.30896724e+07
5.89145264e+02 0.00000000e+00 2.39514035e+07 2.74356146e+07 2.97812854e+07 3.15631766e+07
5.89147705e+02 0.00000000e+00 1.88754360e+07 2.12667273e+07 2.30418116e+07 2.44828317e+07
5.89150085e+02 0.00000000e+00 1.31262363e+07 1.37958321e+07 1.42644124e+07 1.46459881e+07
5.89152527e+02 0.00000000e+00 1.05670176e+07 1.09831011e+07 1.12308115e+07 1.14123941e+07
5.89154907e+02 0.00000000e+00 9.18862166e+06 9.54839157e+06 9.76539129e+06 9.92236090e+06
5.89157288e+02 0.00000000e+00 8.52854036e+06 8.86642816e+06 9.07106224e+06 9.21929184e+06
5.89159729e+02 0.00000000e+00 8.57645740e+06 8.92636573e+06 9.13215516e+06 9.28119565e+06
5.89162109e+02 0.00000000e+00 9.32837943e+06 9.69246485e+06 9.91194787e+06 1.00836489e+07
5.89164551e+02 0.00000000e+00 1.09164684e+07 1.13368441e+07 1.15960181e+07 1.17874244e+07
5.89166931e+02 0.00000000e+00 1.37531259e+07 1.45673543e+07 1.51613839e+07 1.56582303e+07
5.89169312e+02 0.00000000e+00 1.99289863e+07 2.27348642e+07 2.46919201e+07 2.62523312e+07
5.89171753e+02 0.00000000e+00 2.42654943e+07 2.78004474e+07 3.01674491e+07 3.19597046e+07
5.89174133e+02 0.00000000e+00 2.52528990e+07 2.89413509e+07 3.13713485e+07 3.31936989e+07
5.89176575e+02 0.00000000e+00 2.56881916e+07 2.94353161e+07 3.18875112e+07 3.37194512e+07
5.89178955e+02 0.00000000e+00 2.59528549e+07 2.97317684e+07 3.21950837e+07 3.40312494e+07
5.89181335e+02 0.00000000e+00 2.61395858e+07 2.99395695e+07 3.24099088e+07 3.42485046e+07
5.89183777e+02 0.00000000e+00 2.62764495e+07 3.00911389e+07 3.25661853e+07 3.44062689e+07
5.89186157e+02 0.00000000e+00 2.63737450e+07 3.01985165e+07 3.26766883e+07 3.45176836e+07
5.89188599e+02 0.00000000e+00 2.64450943e+07 3.02770138e+07 3.27573319e+07 3.45988991e+07
5.89190979e+02 0.00000000e+00 2.65111346e+07 3.03496321e+07 3.28319142e+07 3.46739957e+07
5.89193359e+02 0.00000000e+00 2.65554511e+07 3.03982263e+07 3.28817443e+07 3.47241158e+07
5.89195801e+02 0.00000000e+00 2.65978473e+07 3.04446977e+07 3.29293876e+07 3.47720295e+07
5.89198181e+02 0.00000000e+00 2.66173965e+07 3.04660455e+07 3.29512244e+07 3.47939547e+07
5.89200623e+02 0.00000000e+00 2.66370595e+07 3.04875154e+07 3.29731847e+07 3.48160030e+07
5.89203003e+02 0.00000000e+00 2.66563295e+07 3.05085561e+07 3.29947060e+07 3.48376106e+07
5.89205383e+02 0.00000000e+00 2.66752062e+07 3.05291675e+07 3.30157882e+07 3.48587772e+07
5.89207825e+02 0.00000000e+00 2.66948694e+07 3.05506376e+07 3.30377488e+07 3.48808257e+07
5.89210205e+02 0.00000000e+00 2.67141394e+07 3.05716784e+07 3.30592701e+07 3.49024333e+07
5.89212646e+02 0.00000000e+00 2.67338037e+07 3.05931496e+07 3.30812319e+07 3.49244829e+07
5.89215027e+02 0.00000000e+00 2.67493933e+07 3.06101599e+07 3.30986222e+07 3.49419363e+07
5.89217407e+02 0.00000000e+00 2.67557824e+07 3.06170957e+07 3.31056878e+07 3.49490076e+07
5.89219849e+02 0.00000000e+00 2.67624542e+07 3.06243384e+07 3.31130661e+07 3.49563921e+07
5.89222229e+02 0.00000000e+00 2.67689925e+07 3.06314363e+07 3.31202969e+07 3.49636288e+07
5.89224670e+02 0.00000000e+00 2.67756642e+07 3.06386790e+07 3.31276752e+07 3.49710132e+07
5.89227051e+02 0.00000000e+00 2.67822025e+07 3.06457768e+07 3.31349060e+07 3.49782499e+07
5.89229431e+02 0.00000000e+00 2.67887408e+07 3.06528747e+07 3.31421367e+07 3.49854866e+07
5.89231873e+02 0.00000000e+00 2.67954114e+07 3.06601161e+07 3.31495138e+07 3.49928697e+07
5.89234253e+02 0.00000000e+00 2.67996155e+07 3.06646666e+07 3.31541384e+07 3.49974889e+07
5.89236694e+02 0.00000000e+00 2.68017694e+07 3.06669789e+07 3.31564727e+07 3.49998071e+07
5.89239075e+02 0.00000000e+00 2.68038361e+07 3.06691975e+07 3.31587125e+07 3.50020314e+07
5.89241455e+02 0.00000000e+00 2.68059459e+07 3.06714623e+07 3.31609988e+07 3.50043020e+07
5.89243896e+02 0.00000000e+00 2.68080987e+07 3.06737734e+07 3.31633319e+07 3.50066189e+07
5.89246277e+02 0.00000000e+00 2.68102084e+07 3.06760382e+07 3.31656183e+07 3.50088895e+07
5.89248718e+02 0.00000000e+00 2.68123612e+07 3.06783493e+07 3.31679513e+07 3.50112065e+07
5.89251099e+02 0.00000000e+00 2.68144279e+07 3.06805679e+07 3.31701910e+07 3.50134307e+07
5.89253479e+02 0.00000000e+00 2.68165377e+07 3.06828327e+07 3.31724774e+07 3.50157013e+07
5.89255920e+02 0.00000000e+00 2.68186905e+07 3.06851438e+07 3.31748105e+07 3.50180183e+07
5.89258301e+02 0.00000000e+00 2.68208003e+07 3.06874086e+07 3.31770968e+07 3.50202889e+07
5.89260742e+02 0.00000000e+00 2.68229531e+07 3.06897197e+07 3.31794299e+07 3.50226058e+07
5.89263123e+02 0.00000000e+00 2.68250628e+07 3.06919845e+07 3.31817163e+07 3.50248764e+07
5.89265503e+02 0.00000000e+00 2.68271726e+07 3.06942494e+07 3.31840027e+07 3.50271470e+07
5.89267944e+02 0.00000000e+00 2.68293254e+07 3.06965605e+07 3.31863357e+07 3.50294640e+07
5.89270325e+02 0.00000000e+00 2.68313415e+07 3.06987239e+07 3.31885190e+07 3.50316316e+07
5.89272766e+02 0.00000000e+00 2.68320103e+07 3.06994177e+07 3.31891988e+07 3.50322888e+07
5.89275146e+02 0.00000000e+00 2.68325866e+07 3.07000115e+07 3.31897769e+07 3.50328445e+07
5.89277527e+02 0.00000000e+00 2.68331630e+07 3.07006052e+07 3.31903550e+07 3.50334002e+07
5.89279968e+02 0.00000000e+00 2.68337511e+07 3.07012111e+07 3.31909449e+07 3.50339672e+07
5.89282349e+02 0.00000000e+00 2.68343157e+07 3.07017928e+07 3.31915112e+07 3.50345115e+07
5.89284790e+02 0.00000000e+00 2.68349038e+07 3.07023987e+07 3.31921011e+07 3.50350785e+07
5.89287170e+02 0.00000000e+00 2.68354802e+07 3.07029924e+07 3.31926792e+07 3.50356342e+07
5.89289551e+02 0.00000000e+00 2.68360565e+07 3.07035862e+07 3.31932573e+07 3.50361898e+07
5.89291992e+02 0.00000000e+00 2.68366447e+07 3.07041921e+07 3.31938472e+07 3.50367568e+07
5.89294373e+02 0.00000000e+00 2.68372210e+07 3.07047859e+07 3.31944253e+07 3.50373125e+07
5.89296814e+02 0.00000000e+00 2.68378091e+07 3.07053918e+07 3.31950152e+07 3.50378795e+07
5.89299194e+02 0.00000000e+00 2.68383855e+07 3.07059855e+07 3.31955933e+07 3.50384351e+07
5.89301575e+02 0.00000000e+00 2.68389501e+07 3.07065672e+07 3.31961596e+07 3.50389795e+07
5.89304016e+02 0.00000000e+00 2.68395382e+07 3.07071731e+07 3.31967495e+07 3.50395465e+07
5.89306396e+02 0.00000000e+00 2.68401146e+07 3.07077668e+07 3.31973276e+07 3.50401021e+07
5.89308838e+02 0.00000000e+00 2.68404421e+07 3.07080890e+07 3.31976276e+07 3.50403781e+07
5.89311218e+02 0.00000000e+00 2.68404698e+07 3.07080854e+07 3.31975953e+07 3.50403212e+07
5.89313599e+02 0.00000000e+00 2.68404968e+07 3.07080817e+07 3.31975635e+07 3.50402653e+07
5.89316040e+02 0.00000000e+00 2.68405250e+07 3.07080778e+07 3.31975304e+07 3.50402070e+07
5.89318420e+02 0.00000000e+00 2.68405525e+07 3.07080741e+07 3.31974979e+07 3.50401499e+07
5.89320862e+02 0.00000000e+00 2.68405806e+07 3.07080702e+07 3.31974648e+07 3.50400916e+07
5.89323242e+02 0.00000000e+00 2.68406082e+07 3.07080664e+07 3.31974324e+07 3.50400345e+07
5.89325623e+02 0.00000000e+00 2.68406358e+07 3.07080627e+07 3.31973999e+07 3.50399774e+07
5.89328064e+02 0.00000000e+00 2.68406639e+07 3.07080588e+07 3.31973668e+07 3.50399192e+07
5.89330444e+02 0.00000000e+00 2.68406915e+07 3.07080550e+07 3.31973343e+07 3.50398621e+07
5.89332886e+02 0.00000000e+00 2.68407196e+07 3.07080512e+07 3.31973012e+07 3.50398038e+07
5.89335266e+02 0.00000000e+00 2.68407466e+07 3.07080475e+07 3.31972694e+07 3.50397479e+07
5.89337646e+02 0.00000000e+00 2.68407741e+07 3.07080437e+07 3.31972369e+07 3.50396908e+07
5.89340088e+02 0.00000000e+00 2.68408023e+07 3.07080399e+07 3.31972038e+07 3.50396325e+07
5.89342468e+02 0.00000000e+00 2.68408298e+07 3.07080361e+07 3.31971713e+07 3.50395754e+07
5.89344910e+02 0.00000000e+00 2.68408580e+07 3.07080322e+07 3.31971382e+07 3.50395171e+07
5.89347290e+02 0.00000000e+00 2.68408850e+07 3.07080285e+07 3.31971064e+07 3.50394612e+07
5.89349670e+02 0.00000000e+00 2.68409125e+07 3.07080248e+07 3.31970739e+07 3.50394041e+07
5.89352112e+02 0.00000000e+00 2.68409406e+07 3.07080209e+07 3.31970408e+07 3.50393458e+07
5.89354492e+02 0.00000000e+00 2.68409682e+07 3.07080171e+07 3.31970083e+07 3.50392887e+07
5.89356934e+02 0.00000000e+00 2.68409963e+07 3.07080133e+07 3.31969752e+07 3.50392304e+07
5.89359314e+02 0.00000000e+00 2.68410239e+07 3.07080095e+07 3.31969427e+07 3.50391733e+07
5.89361694e+02 0.00000000e+00 2.68410515e+07 3.07080057e+07 3.31969103e+07 3.50391162e+07
5.89364136e+02 0.00000000e+00 2.68410796e+07 3.07080019e+07 3.31968772e+07 3.50390580e+07
5.89366516e+02 0.00000000e+00 2.68411066e+07 3.07079982e+07 3.31968454e+07 3.50390020e+07
5.89368958e+02 0.00000000e+00 2.68411347e+07 3.07079943e+07 3.31968122e+07 3.50389438e+07
5.89371338e+02 0.00000000e+00 2.68411623e+07 3.07079905e+07 3.31967798e+07 3.50388867e+07
5.89373718e+02 0.00000000e+00 2.68411898e+07 3.07079868e+07 3.31967473e+07 3.50388295e+07
5.89376160e+02 0.00000000e+00 2.68412180e+07 3.07079829e+07 3.31967142e+07 3.50387713e+07
5.89378540e+02 0.00000000e+00 2.68412450e+07 3.07079792e+07 3.31966824e+07 3.50387153e+07
5.89380981e+02 0.00000000e+00 2.68412731e+07 3.07079753e+07 3.31966492e+07 3.50386570e+07
5.89383362e+02 0.00000000e+00 2.68412174e+07 3.07078810e+07 3.31965242e+07 3.50385071e+07
5.89385742e+02 0.00000000e+00 2.68410373e+07 3.07076512e+07 3.31962609e+07 3.50382184e+07
5.89388184e+02 0.00000000e+00 2.68408537e+07 3.07074169e+07 3.31959923e+07 3.50379238e+07
5.89390564e+02 0.00000000e+00 2.68406737e+07 3.07071873e+07 3.31957291e+07 3.50376352e+07
5.89393005e+02 0.00000000e+00 2.68404901e+07 3.07069529e+07 3.31954606e+07 3.50373407e+07
5.89395386e+02 0.00000000e+00 2.68403101e+07 3.07067233e+07 3.31951974e+07 3.50370520e+07
5.89397766e+02 0.00000000e+00 2.68401338e+07 3.07064983e+07 3.31949395e+07 3.50367693e+07
5.89400208e+02 0.00000000e+00 2.68399502e+07 3.07062640e+07 3.31946710e+07 3.50364748e+07
5.89402588e+02 0.00000000e+00 2.68397702e+07 3.07060343e+07 3.31944077e+07 3.50361861e+07
5.89405029e+02 0.00000000e+00 2.68395866e+07 3.07058000e+07 3.31941392e+07 3.50358916e+07
5.89407410e+02 0.00000000e+00 2.68394066e+07 3.07055704e+07 3.31938760e+07 3.50356030e+07
5.89409790e+02 0.00000000e+00 2.68392303e+07 3.07053454e+07 3.31936181e+07 3.50353202e+07
5.89412231e+02 0.00000000e+00 2.68390467e+07 3.07051111e+07 3.31933496e+07 3.50350257e+07
5.89414612e+02 0.00000000e+00 2.68388667e+07 3.07048814e+07 3.31930864e+07 3.50347371e+07
5.89417053e+02 0.00000000e+00 2.68386831e+07 3.07046471e+07 3.31928178e+07 3.50344426e+07
5.89419434e+02 0.00000000e+00 2.68385031e+07 3.07044174e+07 3.31925546e+07 3.50341539e+07
5.89421814e+02 0.00000000e+00 2.68383231e+07 3.07041878e+07 3.31922914e+07 3.50338653e+07
5.89424255e+02 0.00000000e+00 2.68381395e+07 3.07039535e+07 3.31920228e+07 3.50335708e+07
5.89426636e+02 0.00000000e+00 2.68379595e+07 3.07037238e+07 3.31917596e+07 3.50332821e+07
5.89429077e+02 0.00000000e+00 2.68377759e+07 3.07034895e+07 3.31914910e+07 3.50329876e+07
5.89431458e+02 0.00000000e+00 2.68375996e+07 3.07032645e+07 3.31912332e+07 3.50327049e+07
5.89433838e+02 0.00000000e+00 2.68374196e+07 3.07030349e+07 3.31909700e+07 3.50324162e+07
5.89436279e+02 0.00000000e+00 2.68372360e+07 3.07028005e+07 3.31907014e+07 3.50321217e+07
5.89438660e+02 0.00000000e+00 2.68370560e+07 3.07025709e+07 3.31904382e+07 3.50318331e+07
5.89441101e+02 0.00000000e+00 2.68368724e+07 3.07023366e+07 3.31901697e+07 3.50315386e+07
5.89443481e+02 0.00000000e+00 2.68366961e+07 3.07021116e+07 3.31899118e+07 3.50312558e+07
5.89445862e+02 0.00000000e+00 2.68365161e+07 3.07018820e+07 3.31896486e+07 3.50309672e+07
5.89448303e+02 0.00000000e+00 2.68363324e+07 3.07016476e+07 3.31893800e+07 3.50306727e+07
5.89450684e+02 0.00000000e+00 2.68361525e+07 3.07014180e+07 3.31891168e+07 3.50303840e+07
5.89453125e+02 0.00000000e+00 2.68359688e+07 3.07011836e+07 3.31888483e+07 3.50300895e+07
5.89455505e+02 0.00000000e+00 2.68357889e+07 3.07009540e+07 3.31885851e+07 3.50298009e+07
5.89457886e+02 0.00000000e+00 2.68355792e+07 3.07006920e+07 3.31882889e+07 3.50294791e+07
5.89460327e+02 0.00000000e+00 2.68353088e+07 3.07003633e+07 3.31879239e+07 3.50290879e+07
5.89462708e+02 0.00000000e+00 2.68350492e+07 3.07000477e+07 3.31875734e+07 3.50287122e+07
5.89465149e+02 0.00000000e+00 2.68347787e+07 3.06997189e+07 3.31872084e+07 3.50283209e+07
5.89467529e+02 0.00000000e+00 2.68345137e+07 3.06993967e+07 3.31868507e+07 3.50279375e+07
5.89469910e+02 0.00000000e+00 2.68342487e+07 3.06990745e+07 3.31864930e+07 3.50275540e+07
5.89472351e+02 0.00000000e+00 2.68339783e+07 3.06987458e+07 3.31861280e+07 3.50271627e+07
5.89474731e+02 0.00000000e+00 2.68337187e+07 3.06984302e+07 3.31857775e+07 3.50267871e+07
5.89477173e+02 0.00000000e+00 2.68334482e+07 3.06981014e+07 3.31854125e+07 3.50263958e+07
5.89479553e+02 0.00000000e+00 2.68331832e+07 3.06977792e+07 3.31850548e+07 3.50260124e+07
5.89481934e+02 0.00000000e+00 2.68329182e+07 3.06974571e+07 3.31846971e+07 3.50256289e+07
5.89484375e+02 0.00000000e+00 2.68326478e+07 3.06971283e+07 3.31843321e+07 3.50252376e+07
5.89486755e+02 0.00000000e+00 2.68323827e+07 3.06968061e+07 3.31839744e+07 3.50248542e+07
5.89489197e+02 0.00000000e+00 2.68321123e+07 3.06964773e+07 3.31836093e+07 3.50244629e+07
5.89491577e+02 0.00000000e+00 2.68318473e+07 3.06961552e+07 3.31832516e+07 3.50240794e+07
5.89493958e+02 0.00000000e+00 2.68315877e+07 3.06958396e+07 3.31829012e+07 3.50237038e+07
5.89496399e+02 0.00000000e+00 2.68313173e+07 3.06955108e+07 3.31825362e+07 3.50233125e+07
5.89498779e+02 0.00000000e+00 2.68310522e+07 3.06951886e+07 3.31821785e+07 3.50229290e+07
5.89501221e+02 0.00000000e+00 2.68307818e+07 3.06948598e+07 3.31818135e+07 3.50225378e+07
5.89503601e+02 0.00000000e+00 2.68305168e+07 3.06945377e+07 3.31814557e+07 3.50221543e+07
5.89506042e+02 0.00000000e+00 2.68302464e+07 3.06942089e+07 3.31810907e+07 3.50217630e+07
5.89508423e+02 0.00000000e+00 2.68299867e+07 3.06938933e+07 3.31807403e+07 3.50213874e+07
5.89510803e+02 0.00000000e+00 2.68297217e+07 3.06935711e+07 3.31803826e+07 3.50210039e+07
5.89513245e+02 0.00000000e+00 2.68294513e+07 3.06932424e+07 3.31800176e+07 3.50206126e+07
5.89515625e+02 0.00000000e+00 2.68291863e+07 3.06929202e+07 3.31796599e+07 3.50202292e+07
5.89518066e+02 0.00000000e+00 2.68289159e+07 3.06925914e+07 3.31792948e+07 3.50198379e+07
5.89520447e+02 0.00000000e+00 2.68286508e+07 3.06922692e+07 3.31789371e+07 3.50194544e+07
5.89522827e+02 0.00000000e+00 2.68283858e+07 3.06919470e+07 3.31785794e+07 3.50190710e+07
5.89525269e+02 0.00000000e+00 2.68281154e+07 3.06916183e+07 3.31782144e+07 3.50186797e+07
5.89527649e+02 0.00000000e+00 2.68278558e+07 3.06913027e+07 3.31778640e+07 3.50183041e+07
5.89530090e+02 0.00000000e+00 2.68275854e+07 3.06909739e+07 3.31774990e+07 3.50179128e+07
5.89532471e+02 0.00000000e+00 2.68272848e+07 3.06906131e+07 3.31771017e+07 3.50174897e+07
5.89534851e+02 0.00000000e+00 2.68268993e+07 3.06901597e+07 3.31766101e+07 3.50169718e+07
5.89537292e+02 0.00000000e+00 2.68265060e+07 3.06896973e+07 3.31761086e+07 3.50164436e+07
5.89539673e+02 0.00000000e+00 2.68261285e+07 3.06892534e+07 3.31756271e+07 3.50159365e+07
5.89542114e+02 0.00000000e+00 2.68257353e+07 3.06887911e+07 3.31751256e+07 3.50154082e+07
5.89544495e+02 0.00000000e+00 2.68253499e+07 3.06883379e+07 3.31746341e+07 3.50148905e+07
5.89546875e+02 0.00000000e+00 2.68249646e+07 3.06878848e+07 3.31741426e+07 3.50143729e+07
5.89549316e+02 0.00000000e+00 2.68245713e+07 3.06874224e+07 3.31736411e+07 3.50138446e+07
5.89551697e+02 0.00000000e+00 2.68241860e+07 3.06869692e+07 3.31731496e+07 3.50133269e+07
5.89554138e+02 0.00000000e+00 2.68237927e+07 3.06865068e+07 3.31726481e+07 3.50127987e+07
5.89556519e+02 0.00000000e+00 2.68234074e+07 3.06860537e+07 3.31721566e+07 3.50122810e+07
5.89558899e+02 0.00000000e+00 2.68230299e+07 3.06856098e+07 3.31716751e+07 3.50117739e+07
5.89561340e+02 0.00000000e+00 2.68226366e+07 3.06851474e+07 3.31711736e+07 3.50112456e+07
5.89563721e+02 0.00000000e+00 2.68222512e+07 3.06846942e+07 3.31706821e+07 3.50107280e+07
5.89566162e+02 0.00000000e+00 2.68218580e+07 3.06842318e+07 3.31701806e+07 3.50101997e+07
5.89568542e+02 0.00000000e+00 2.68214726e+07 3.06837787e+07 3.31696891e+07 3.50096820e+07
5.89570923e+02 0.00000000e+00 2.68210951e+07 3.06833348e+07 3.31692076e+07 3.50091749e+07
5.89573364e+02 0.00000000e+00 2.68207019e+07 3.06828724e+07 3.31687061e+07 3.50086467e+07
5.89575745e+02 0.00000000e+00 2.68203165e+07 3.06824192e+07 3.31682146e+07 3.50081290e+07
5.89578186e+02 0.00000000e+00 2.68199233e+07 3.06819568e+07 3.31677131e+07 3.50076007e+07
5.89580566e+02 0.00000000e+00 2.68195379e+07 3.06815037e+07 3.31672216e+07 3.50070830e+07
5.89582947e+02 0.00000000e+00 2.68191526e+07 3.06810506e+07 3.31667301e+07 3.50065654e+07
5.89585388e+02 0.00000000e+00 2.68187593e+07 3.06805882e+07 3.31662286e+07 3.50060371e+07
5.89587769e+02 0.00000000e+00 2.68183740e+07 3.06801350e+07 3.31657371e+07 3.50055194e+07
5.89590210e+02 0.00000000e+00 2.68179807e+07 3.06796726e+07 3.31652356e+07 3.50049912e+07
5.89592590e+02 0.00000000e+00 2.68176032e+07 3.06792287e+07 3.31647541e+07 3.50044841e+07
5.89594971e+02 0.00000000e+00 2.68172179e+07 3.06787756e+07 3.31642626e+07 3.50039664e+07
5.89597412e+02 0.00000000e+00 2.68168246e+07 3.06783132e+07 3.31637611e+07 3.50034381e+07
5.89599792e+02 0.00000000e+00 2.68164393e+07 3.06778600e+07 3.31632696e+07 3.50029205e+07
5.89602234e+02 0.00000000e+00 2.68160460e+07 3.06773976e+07 3.31627681e+07 3.50023922e+07
5.89604614e+02 0.00000000e+00 2.68156685e+07 3.06769537e+07 3.31622866e+07 3.50018851e+07
5.89606995e+02 0.00000000e+00 2.68152202e+07 3.06764320e+07 3.31617251e+07 3.50012971e+07
5.89609436e+02 0.00000000e+00 2.68145408e+07 3.06756581e+07 3.31609053e+07 3.50004495e+07
5.89611816e+02 0.00000000e+00 2.68138747e+07 3.06748995e+07 3.31601017e+07 3.49996186e+07
5.89614258e+02 0.00000000e+00 2.68131951e+07 3.06741253e+07 3.31592817e+07 3.49987707e+07
5.89616638e+02 0.00000000e+00 2.68125291e+07 3.06733666e+07 3.31584780e+07 3.49979398e+07
5.89619019e+02 0.00000000e+00 2.68118630e+07 3.06726080e+07 3.31576744e+07 3.49971089e+07
5.89621460e+02 0.00000000e+00 2.68111834e+07 3.06718338e+07 3.31568544e+07 3.49962610e+07
5.89623840e+02 0.00000000e+00 2.68105310e+07 3.06710906e+07 3.31560672e+07 3.49954471e+07
5.89626282e+02 0.00000000e+00 2.68098513e+07 3.06703165e+07 3.31552471e+07 3.49945992e+07
5.89628662e+02 0.00000000e+00 2.68091853e+07 3.06695578e+07 3.31544435e+07 3.49937683e+07
5.89631042e+02 0.00000000e+00 2.68085193e+07 3.06687991e+07 3.31536399e+07 3.49929374e+07
5.89633484e+02 0.00000000e+00 2.68078396e+07 3.06680250e+07 3.31528199e+07 3.49920895e+07
5.89635864e+02 0.00000000e+00 2.68071872e+07 3.06672818e+07 3.31520326e+07 3.49912755e+07
5.89638306e+02 0.00000000e+00 2.68065076e+07 3.06665077e+07 3.31512126e+07 3.49904277e+07
5.89640686e+02 0.00000000e+00 2.68058415e+07 3.06657490e+07 3.31504090e+07 3.49895967e+07
5.89643066e+02 0.00000000e+00 2.68051760e+07 3.06649908e+07 3.31496059e+07 3.49887664e+07
5.89645508e+02 0.00000000e+00 2.68039273e+07 3.06635969e+07 3.31481525e+07 3.49872828e+07
5.89647888e+02 0.00000000e+00 2.68024691e+07 3.06619754e+07 3.31464671e+07 3.49855668e+07
5.89650330e+02 0.00000000e+00 2.68009811e+07 3.06603209e+07 3.31447473e+07 3.49838159e+07
5.89652710e+02 0.00000000e+00 2.67995228e+07 3.06586994e+07 3.31430619e+07 3.49821000e+07
5.89655090e+02 0.00000000e+00 2.67980943e+07 3.06571110e+07 3.31414110e+07 3.49804191e+07
5.89657532e+02 0.00000000e+00 2.67966063e+07 3.06554564e+07 3.31396912e+07 3.49786681e+07
5.89659912e+02 0.00000000e+00 2.67951481e+07 3.06538350e+07 3.31380058e+07 3.49769522e+07
5.89662354e+02 0.00000000e+00 2.67936601e+07 3.06521804e+07 3.31362861e+07 3.49752013e+07
5.89664734e+02 0.00000000e+00 2.67922018e+07 3.06505589e+07 3.31346007e+07 3.49734853e+07
5.89667114e+02 0.00000000e+00 2.67907734e+07 3.06489705e+07 3.31329497e+07 3.49718044e+07
5.89669556e+02 0.00000000e+00 2.67892854e+07 3.06473160e+07 3.31312299e+07 3.49700535e+07
5.89671936e+02 0.00000000e+00 2.67878271e+07 3.06456945e+07 3.31295445e+07 3.49683376e+07
5.89674377e+02 0.00000000e+00 2.67863391e+07 3.06440399e+07 3.31278248e+07 3.49665866e+07
5.89676758e+02 0.00000000e+00 2.67848809e+07 3.06424184e+07 3.31261394e+07 3.49648707e+07
5.89679138e+02 0.00000000e+00 2.67834227e+07 3.06407970e+07 3.31244541e+07 3.49631548e+07
5.89681580e+02 0.00000000e+00 2.67815106e+07 3.06386802e+07 3.31222617e+07 3.49609294e+07
5.89683960e+02 0.00000000e+00 2.67778555e+07 3.06346641e+07 3.31181281e+07 3.49567554e+07
5.89686401e+02 0.00000000e+00 2.67741228e+07 3.06305628e+07 3.31139068e+07 3.49524929e+07
5.89688782e+02 0.00000000e+00 2.67705395e+07 3.06266256e+07 3.31098543e+07 3.49484010e+07
5.89691162e+02 0.00000000e+00 2.67668815e+07 3.06226063e+07 3.31057174e+07 3.49442238e+07
5.89693604e+02 0.00000000e+00 2.67631488e+07 3.06185050e+07 3.31014961e+07 3.49399613e+07
5.89695984e+02 0.00000000e+00 2.67594908e+07 3.06144858e+07 3.30973593e+07 3.49357841e+07
5.89698425e+02 0.00000000e+00 2.67557570e+07 3.06103832e+07 3.30931367e+07 3.49315203e+07
5.89700806e+02 0.00000000e+00 2.67495467e+07 3.06035770e+07 3.30861480e+07 3.49244784e+07
5.89703186e+02 0.00000000e+00 2.67394440e+07 3.05925193e+07 3.30748074e+07 3.49130638e+07
5.89705627e+02 0.00000000e+00 2.67291356e+07 3.05812365e+07 3.30632361e+07 3.49014169e+07
5.89708008e+02 0.00000000e+00 2.67190334e+07 3.05701793e+07 3.30518962e+07 3.48900029e+07
5.89710449e+02 0.00000000e+00 2.67087250e+07 3.05588965e+07 3.30403248e+07 3.48783560e+07
5.89712830e+02 0.00000000e+00 2.66986228e+07 3.05478393e+07 3.30289849e+07 3.48669420e+07
5.89715210e+02 0.00000000e+00 2.66885206e+07 3.05367821e+07 3.30176450e+07 3.48555280e+07
5.89717651e+02 0.00000000e+00 2.66782226e+07 3.05255107e+07 3.30060853e+07 3.48438928e+07
5.89720032e+02 0.00000000e+00 2.66604755e+07 3.05060842e+07 3.29861689e+07 3.48238552e+07
5.89722473e+02 0.00000000e+00 2.66377684e+07 3.04812281e+07 3.29606880e+07 3.47982219e+07
5.89724854e+02 0.00000000e+00 2.66066799e+07 3.04471659e+07 3.29257563e+07 3.47630745e+07
5.89727234e+02 0.00000000e+00 2.65720513e+07 3.04092161e+07 3.28868339e+07 3.47239098e+07
5.89729675e+02 0.00000000e+00 2.65180444e+07 3.03499083e+07 3.28259446e+07 3.46626031e+07
5.89732056e+02 0.00000000e+00 2.64607648e+07 3.02869839e+07 3.27613304e+07 3.45975389e+07
5.89734497e+02 0.00000000e+00 2.63562386e+07 3.01716156e+07 3.26425675e+07 3.44777522e+07
5.89736877e+02 0.00000000e+00 2.62436514e+07 3.00472773e+07 3.25145307e+07 3.43485853e+07
5.89739258e+02 0.00000000e+00 2.60491736e+07 2.98307718e+07 3.22906101e+07 3.41220257e+07
5.89741699e+02 0.00000000e+00 2.56316923e+07 2.93607739e+07 3.18016883e+07 3.36255059e+07
5.89744080e+02 0.00000000e+00 2.38409107e+07 2.73391013e+07 2.96947469e+07 3.14841433e+07
5.89746521e+02 0.00000000e+00 1.71717154e+07 1.91495456e+07 2.06637196e+07 2.19244833e+07
5.89748901e+02 0.00000000e+00 1.24544865e+07 1.30319620e+07 1.34223302e+07 1.37329496e+07
5.89751282e+02 0.00000000e+00 1.04829235e+07 1.08912314e+07 1.11404384e+07 1.13229123e+07
5.89753723e+02 0.00000000e+00 9.42349092e+06 9.80640533e+06 1.00317461e+07 1.01949186e+07
5.89756104e+02 0.00000000e+00 9.14544594e+06 9.51048944e+06 9.74101985e+06 9.90038411e+06
5.89758545e+02 0.00000000e+00 9.61417537e+06 9.99308378e+06 1.02222513e+07 1.03880654e+07
5.89760925e+02 0.00000000e+00 1.08607225e+07 1.12865963e+07 1.15493308e+07 1.17434972e+07
5.89763306e+02 0.00000000e+00 1.31678383e+07 1.38763601e+07 1.43827149e+07 1.48026506e+07
5.89765747e+02 0.00000000e+00 1.91223397e+07 2.16807776e+07 2.35656592e+07 2.50848653e+07
5.89768127e+02 0.00000000e+00 2.45524941e+07 2.81445441e+07 3.05355586e+07 3.23395296e+07
5.89770569e+02 0.00000000e+00 2.57721221e+07 2.95189029e+07 3.19660700e+07 3.37922875e+07
5.89772949e+02 0.00000000e+00 2.61023122e+07 2.98897467e+07 3.23513685e+07 3.41832693e+07
5.89775330e+02 0.00000000e+00 2.62690521e+07 3.00748840e+07 3.25425553e+07 3.43765025e+07
5.89777771e+02 0.00000000e+00 2.63796091e+07 3.01968747e+07 3.26680965e+07 3.45030887e+07
5.89780151e+02 0.00000000e+00 2.64707442e+07 3.02973203e+07 3.27714000e+07 3.46072072e+07
5.89782593e+02 0.00000000e+00 2.65280958e+07 3.03602494e+07 3.28359582e+07 3.46721639e+07
5.89784973e+02 0.00000000e+00 2.65748364e+07 3.04114957e+07 3.28885077e+07 3.47250212e+07
5.89787354e+02 0.00000000e+00 2.66079135e+07 3.04476780e+07 3.29255609e+07 3.47622571e+07
5.89789795e+02 0.00000000e+00 2.66367456e+07 3.04791966e+07 3.29578256e+07 3.47946717e+07
5.89792175e+02 0.00000000e+00 2.66578591e+07 3.05022430e+07 3.29813962e+07 3.48183360e+07
5.89794617e+02 0.00000000e+00 2.66739475e+07 3.05197877e+07 3.29993281e+07 3.48363301e+07
5.89796997e+02 0.00000000e+00 2.66830687e+07 3.05297086e+07 3.30094497e+07 3.48464724e+07
5.89799377e+02 0.00000000e+00 2.66923810e+07 3.05398373e+07 3.30197833e+07 3.48568272e+07
5.89801819e+02 0.00000000e+00 2.67018832e+07 3.05501727e+07 3.30303278e+07 3.48673932e+07
5.89804199e+02 0.00000000e+00 2.67111955e+07 3.05603013e+07 3.30406614e+07 3.48777480e+07
5.89806641e+02 0.00000000e+00 2.67206977e+07 3.05706367e+07 3.30512059e+07 3.48883140e+07
5.89809021e+02 0.00000000e+00 2.67300100e+07 3.05807654e+07 3.30615394e+07 3.48986688e+07
5.89811401e+02 0.00000000e+00 2.67393220e+07 3.05908939e+07 3.30718728e+07 3.49090233e+07
5.89813843e+02 0.00000000e+00 2.67449170e+07 3.05969622e+07 3.30780503e+07 3.49152020e+07
5.89816223e+02 0.00000000e+00 2.67479107e+07 3.06001915e+07 3.30813236e+07 3.49184641e+07
5.89818665e+02 0.00000000e+00 2.67510290e+07 3.06035552e+07 3.30847331e+07 3.49218620e+07
5.89821045e+02 0.00000000e+00 2.67540849e+07 3.06068517e+07 3.30880744e+07 3.49251919e+07
5.89823425e+02 0.00000000e+00 2.67571409e+07 3.06101481e+07 3.30914157e+07 3.49285218e+07
5.89825867e+02 0.00000000e+00 2.67602592e+07 3.06135119e+07 3.30948252e+07 3.49319197e+07
5.89828247e+02 0.00000000e+00 2.67632528e+07 3.06167411e+07 3.30980983e+07 3.49351816e+07
5.89830688e+02 0.00000000e+00 2.67663754e+07 3.06201094e+07 3.31015126e+07 3.49385843e+07
5.89833069e+02 0.00000000e+00 2.67677917e+07 3.06216188e+07 3.31030268e+07 3.49400797e+07
5.89835449e+02 0.00000000e+00 2.67687128e+07 3.06225882e+07 3.31039890e+07 3.49410211e+07
5.89837891e+02 0.00000000e+00 2.67696527e+07 3.06235775e+07 3.31049709e+07 3.49419817e+07
5.89840271e+02 0.00000000e+00 2.67705739e+07 3.06245471e+07 3.31059332e+07 3.49429231e+07
5.89842712e+02 0.00000000e+00 2.67715138e+07 3.06255364e+07 3.31069151e+07 3.49438837e+07
5.89845093e+02 0.00000000e+00 2.67724349e+07 3.06265059e+07 3.31078774e+07 3.49448251e+07
5.89847473e+02 0.00000000e+00 2.67733372e+07 3.06274556e+07 3.31088200e+07 3.49457473e+07
5.89849915e+02 0.00000000e+00 2.67742771e+07 3.06284449e+07 3.31098019e+07 3.49467079e+07
5.89852295e+02 0.00000000e+00 2.67751982e+07 3.06294144e+07 3.31107642e+07 3.49476493e+07
5.89854736e+02 0.00000000e+00 2.67761381e+07 3.06304037e+07 3.31117461e+07 3.49486099e+07
5.89857117e+02 0.00000000e+00 2.67770593e+07 3.06313732e+07 3.31127084e+07 3.49495512e+07
5.89859497e+02 0.00000000e+00 2.67779616e+07 3.06323229e+07 3.31136510e+07 3.49504734e+07
5.89861938e+02 0.00000000e+00 2.67789015e+07 3.06333122e+07 3.31146329e+07 3.49514340e+07
5.89864319e+02 0.00000000e+00 2.67798226e+07 3.06342817e+07 3.31155952e+07 3.49523754e+07
5.89866760e+02 0.00000000e+00 2.67807625e+07 3.06352710e+07 3.31165771e+07 3.49533360e+07
5.89869141e+02 0.00000000e+00 2.67816110e+07 3.06361614e+07 3.31174585e+07 3.49541962e+07
5.89871521e+02 0.00000000e+00 2.67817694e+07 3.06363003e+07 3.31175719e+07 3.49542856e+07
5.89873962e+02 0.00000000e+00 2.67819272e+07 3.06364377e+07 3.31176832e+07 3.49543724e+07
5.89876343e+02 0.00000000e+00 2.67820817e+07 3.06365724e+07 3.31177924e+07 3.49544575e+07
5.89878784e+02 0.00000000e+00 2.67822395e+07 3.06367098e+07 3.31179037e+07 3.49545443e+07
5.89881165e+02 0.00000000e+00 2.67823909e+07 3.06368417e+07 3.31180106e+07 3.49546277e+07
5.89883545e+02 0.00000000e+00 2.67825455e+07 3.06369764e+07 3.31181197e+07 3.49547127e+07
5.89885986e+02 0.00000000e+00 2.67827033e+07 3.06371139e+07 3.31182311e+07 3.49547996e+07
5.89888367e+02 0.00000000e+00 2.67828579e+07 3.06372485e+07 3.31183402e+07 3.49548846e+07
5.89890808e+02 0.00000000e+00 2.67830156e+07 3.06373860e+07 3.31184515e+07 3.49549715e+07
5.89893188e+02 0.00000000e+00 2.67831670e+07 3.06375179e+07 3.31185584e+07 3.49550548e+07
5.89895569e+02 0.00000000e+00 2.67833216e+07 3.06376526e+07 3.31186676e+07 3.49551399e+07
5.89898010e+02 0.00000000e+00 2.67834794e+07 3.06377900e+07 3.31187789e+07 3.49552267e+07
5.89900391e+02 0.00000000e+00 2.67836340e+07 3.06379247e+07 3.31188880e+07 3.49553118e+07
5.89902832e+02 0.00000000e+00 2.67837917e+07 3.06380621e+07 3.31189994e+07 3.49553986e+07
5.89905212e+02 0.00000000e+00 2.67839463e+07 3.06381968e+07 3.31191085e+07 3.49554837e+07
5.89907593e+02 0.00000000e+00 2.67839985e+07 3.06382201e+07 3.31191038e+07 3.49554545e+07
5.89910034e+02 0.00000000e+00 2.67839039e+07 3.06380828e+07 3.31189344e+07 3.49552597e+07
5.89912415e+02 0.00000000e+00 2.67838130e+07 3.06379509e+07 3.31187718e+07 3.49550726e+07
5.89914856e+02 0.00000000e+00 2.67837183e+07 3.06378135e+07 3.31186024e+07 3.49548776e+07
5.89917236e+02 0.00000000e+00 2.67836255e+07 3.06376789e+07 3.31184364e+07 3.49546866e+07
5.89919617e+02 0.00000000e+00 2.67835327e+07 3.06375443e+07 3.31182704e+07 3.49544956e+07
5.89922058e+02 0.00000000e+00 2.67834381e+07 3.06374069e+07 3.31181010e+07 3.49543007e+07
5.89924438e+02 0.00000000e+00 2.67833472e+07 3.06372751e+07 3.31179384e+07 3.49541136e+07
5.89926880e+02 0.00000000e+00 2.67832525e+07 3.06371377e+07 3.31177690e+07 3.49539187e+07
5.89929260e+02 0.00000000e+00 2.67831597e+07 3.06370031e+07 3.31176030e+07 3.49537276e+07
5.89931641e+02 0.00000000e+00 2.67830669e+07 3.06368685e+07 3.31174369e+07 3.49535366e+07
5.89934082e+02 0.00000000e+00 2.67829722e+07 3.06367311e+07 3.31172676e+07 3.49533417e+07
5.89936462e+02 0.00000000e+00 2.67828794e+07 3.06365965e+07 3.31171015e+07 3.49531507e+07
5.89938904e+02 0.00000000e+00 2.67827847e+07 3.06364592e+07 3.31169321e+07 3.49529558e+07
5.89941284e+02 0.00000000e+00 2.67826920e+07 3.06363245e+07 3.31167661e+07 3.49527648e+07
5.89943665e+02 0.00000000e+00 2.67826011e+07 3.06361927e+07 3.31166035e+07 3.49525776e+07
5.89946106e+02 0.00000000e+00 2.67825064e+07 3.06360553e+07 3.31164341e+07 3.49523827e+07
5.89948486e+02 0.00000000e+00 2.67824136e+07 3.06359207e+07 3.31162681e+07 3.49521917e+07
5.89950928e+02 0.00000000e+00 2.67823189e+07 3.06357833e+07 3.31160987e+07 3.49519968e+07
5.89953308e+02 0.00000000e+00 2.67822261e+07 3.06356487e+07 3.31159327e+07 3.49518058e+07
5.89955688e+02 0.00000000e+00 2.67821352e+07 3.06355169e+07 3.31157701e+07 3.49516186e+07
5.89958130e+02 0.00000000e+00 2.67820405e+07 3.06353795e+07 3.31156007e+07 3.49514237e+07
5.89960510e+02 0.00000000e+00 2.67819477e+07 3.06352449e+07 3.31154347e+07 3.49512327e+07
5.89962952e+02 0.00000000e+00 2.67818531e+07 3.06351075e+07 3.31152653e+07 3.49510378e+07
5.89965332e+02 0.00000000e+00 2.67817603e+07 3.06349729e+07 3.31150992e+07 3.49508468e+07
5.89967712e+02 0.00000000e+00 2.67816675e+07 3.06348383e+07 3.31149332e+07 3.49506558e+07
5.89970154e+02 0.00000000e+00 2.67815728e+07 3.06347009e+07 3.31147638e+07 3.49504608e+07
5.89972534e+02 0.00000000e+00 2.67814800e+07 3.06345663e+07 3.31145978e+07 3.49502698e+07
5.89974976e+02 0.00000000e+00 2.67813853e+07 3.06344290e+07 3.31144284e+07 3.49500749e+07
5.89977356e+02 0.00000000e+00 2.67812944e+07 3.06342971e+07 3.31142658e+07 3.49498878e+07
5.89979736e+02 0.00000000e+00 2.67812016e+07 3.06341625e+07 3.31140998e+07 3.49496968e+07
5.89982178e+02 0.00000000e+00 2.67810973e+07 3.06340146e+07 3.31139197e+07 3.49494911e+07
5.89984558e+02 0.00000000e+00 2.67808906e+07 3.06337560e+07 3.31136270e+07 3.49491730e+07
5.89987000e+02 0.00000000e+00 2.67806771e+07 3.06334893e+07 3.31133255e+07 3.49488456e+07
5.89989380e+02 0.00000000e+00 2.67804721e+07 3.06332333e+07 3.31130361e+07 3.49485312e+07
5.89991760e+02 0.00000000e+00 2.67802628e+07 3.06329720e+07 3.31127406e+07 3.49482103e+07
5.89994202e+02 0.00000000e+00 2.67800493e+07 3.06327053e+07 3.31124391e+07 3.49478829e+07
5.89996582e+02 0.00000000e+00 2.67798401e+07 3.06324440e+07 3.31121437e+07 3.49475620e+07
5.89999023e+02 0.00000000e+00 2.67796266e+07 3.06321773e+07 3.31118422e+07 3.49472345e+07
5.90001404e+02 0.00000000e+00 2.67794173e+07 3.06319160e+07 3.31115467e+07 3.49469136e+07
5.90003784e+02 0.00000000e+00 2.67792081e+07 3.06316546e+07 3.31112513e+07 3.49465927e+07
5.90006226e+02 0.00000000e+00 2.67789946e+07 3.06313879e+07 3.31109498e+07 3.49462652e+07
5.90008606e+02 0.00000000e+00 2.67787896e+07 3.06311319e+07 3.31106603e+07 3.49459509e+07
5.90011047e+02 0.00000000e+00 2.67785761e+07 3.06308652e+07 3.31103589e+07 3.49456234e+07
5.90013428e+02 0.00000000e+00 2.67783668e+07 3.06306039e+07 3.31100634e+07 3.49453025e+07
5.90015808e+02 0.00000000e+00 2.67781576e+07 3.06303426e+07 3.31097679e+07 3.49449816e+07
5.90018250e+02 0.00000000e+00 2.67779440e+07 3.06300759e+07 3.31094664e+07 3.49446542e+07
5.90020630e+02 0.00000000e+00 2.67777391e+07 3.06298199e+07 3.31091770e+07 3.49443398e+07
5.90023071e+02 0.00000000e+00 2.67775256e+07 3.06295532e+07 3.31088755e+07 3.49440124e+07
5.90025452e+02 0.00000000e+00 2.67773163e+07 3.06292919e+07 3.31085801e+07 3.49436915e+07
5.90027832e+02 0.00000000e+00 2.67771071e+07 3.06290305e+07 3.31082846e+07 3.49433705e+07
5.90030273e+02 0.00000000e+00 2.67768935e+07 3.06287638e+07 3.31079831e+07 3.49430431e+07
5.90032654e+02 0.00000000e+00 2.67766843e+07 3.06285025e+07 3.31076876e+07 3.49427222e+07
5.90035095e+02 0.00000000e+00 2.67764708e+07 3.06282358e+07 3.31073862e+07 3.49423947e+07
5.90037476e+02 0.00000000e+00 2.67762615e+07 3.06279745e+07 3.31070907e+07 3.49420738e+07
5.90039856e+02 0.00000000e+00 2.67760566e+07 3.06277185e+07 3.31068013e+07 3.49417595e+07
5.90042297e+02 0.00000000e+00 2.67758430e+07 3.06274518e+07 3.31064998e+07 3.49414320e+07
5.90044678e+02 0.00000000e+00 2.67756338e+07 3.06271904e+07 3.31062043e+07 3.49411111e+07
5.90047119e+02 0.00000000e+00 2.67754203e+07 3.06269238e+07 3.31059028e+07 3.49407837e+07
5.90049500e+02 0.00000000e+00 2.67752110e+07 3.06266624e+07 3.31056074e+07 3.49404628e+07
5.90051880e+02 0.00000000e+00 2.67750060e+07 3.06264064e+07 3.31053179e+07 3.49401484e+07
5.90054321e+02 0.00000000e+00 2.67747925e+07 3.06261397e+07 3.31050164e+07 3.49398210e+07
5.90056702e+02 0.00000000e+00 2.67745833e+07 3.06258784e+07 3.31047210e+07 3.49395001e+07
5.90059143e+02 0.00000000e+00 2.67743465e+07 3.06255865e+07 3.31043937e+07 3.49391467e+07
5.90061523e+02 0.00000000e+00 2.67741045e+07 3.06252895e+07 3.31040618e+07 3.49387893e+07
5.90063904e+02 0.00000000e+00 2.67738625e+07 3.06249925e+07 3.31037300e+07 3.49384319e+07
5.90066345e+02 0.00000000e+00 2.67736155e+07 3.06246894e+07 3.31033914e+07 3.49380672e+07
5.90068726e+02 0.00000000e+00 2.67733735e+07 3.06243924e+07 3.31030595e+07 3.49377098e+07
5.90071167e+02 0.00000000e+00 2.67731265e+07 3.06240894e+07 3.31027209e+07 3.49373451e+07
5.90073547e+02 0.00000000e+00 2.67728894e+07 3.06237985e+07 3.31023958e+07 3.49369950e+07
5.90075928e+02 0.00000000e+00 2.67726474e+07 3.06235015e+07 3.31020640e+07 3.49366376e+07
5.90078369e+02 0.00000000e+00 2.67724004e+07 3.06231984e+07 3.31017253e+07 3.49362729e+07
5.90080750e+02 0.00000000e+00 2.67721584e+07 3.06229014e+07 3.31013935e+07 3.49359155e+07
5.90083191e+02 0.00000000e+00 2.67719114e+07 3.06225984e+07 3.31010549e+07 3.49355508e+07
5.90085571e+02 0.00000000e+00 2.67716743e+07 3.06223075e+07 3.31007298e+07 3.49352007e+07
5.90087952e+02 0.00000000e+00 2.67714323e+07 3.06220105e+07 3.31003979e+07 3.49348433e+07
5.90090393e+02 0.00000000e+00 2.67711853e+07 3.06217074e+07 3.31000593e+07 3.49344786e+07
5.90092773e+02 0.00000000e+00 2.67709433e+07 3.06214104e+07 3.30997275e+07 3.49341212e+07
5.90095215e+02 0.00000000e+00 2.67706963e+07 3.06211074e+07 3.30993888e+07 3.49337565e+07
5.90097595e+02 0.00000000e+00 2.67704543e+07 3.06208104e+07 3.30990570e+07 3.49333991e+07
5.90099976e+02 0.00000000e+00 2.67702123e+07 3.06205134e+07 3.30987251e+07 3.49330417e+07
