504.259  
2600.463  
3121.758  
3421.856   
3679.748  
6633.993  
7437.245  
7845.533  
8190.596  
8192.892  
8263.572  
12480.412 
13567.707 
14097.159 
14564.122 
14568.312 
14667.150 
20146.353  
21518.535 
22173.139 
22760.806 
22766.705 
32780.463 
44623.014 
58288.416  
73776.650
 1101.074
 1240.267
 1445.663
  999.115
 3280.088
 3467.574
 3740.625
 4552.884
 4732.397
 4980.954
 5136.657
 5491.579
 5936.651
 6424.069
 7610.000
 7864.449
 7923.083
 8012.731
 7982.801
 8136.168
 8271.876
 8688.415
 9748.893
 9962.230
852.19   
1019.17   
1129.88  
911.76
 1621.507
 2511.262
 3756.608
 4884.334
 5504.278
 6549.665
 7291.822
 7230.709
 8114.056
10205.649
10971.149
11714.567
13473.071
13371.190
14297.218
14296.776
824.63   
1169.10
1788.804  
2071.321  
2076.140  
4360.982   
6312.283  
6528.264
9443.801 
10699.50  
12496.15  
14369.90  
1325.842  
1514.348  
1516.119  
1519.483   
1520.969  
1522.755
1526.149  
1576.131  
1674.028  
1974.699  
1985.972   
3834.476  
4008.463
5360.482  
5378.946  
5625.043  
5948.497
600.000   
759.608  
1905.099  
1976.019   
3245.247  
3576.409  
3899.999 
1044.41   
1218.61   
1420.29
